255 255 255 255 255 255 255 255 255 255 255 255 255 255 255 255
255 255 255 255 255 255 255 255 255 255 255 255 255 255 255 255
255 255   0   0   0   0   0   0   0   0   0   0   0   0 255 255
255 255   0   0   0   0   0   0   0   0   0   0   0   0 255 255
255 255   0   0   0   0   0   0   0   0   0   0   0   0 255 255
255 255   0   0   0 217 217 217 217 217 217   0   0   0 255 255
255 255   0   0   0 217 217 217 217 217 217   0   0   0 255 255
255 255   0   0   0 217 217   0   0 217 217   0   0   0 255 255
255 255   0   0   0 217 217   0   0 217 217   0   0   0 255 255
255 255   0   0   0 217 217 217 217 217 217   0   0   0 255 255
255 255   0   0   0 217 217 217 217 217 217   0   0   0 255 255
255 255   0   0   0   0   0   0   0   0   0   0   0   0 255 255
255 255   0   0   0   0   0   0   0   0   0   0   0   0 255 255
255 255   0   0   0   0   0   0   0   0   0   0   0   0 255 255
255 255 255 255 255 255 255 255 255 255 255 255 255 255 255 255
255 255 255 255 255 255 255 255 255 255 255 255 255 255 255 255
255 255 255 255 255 255 255 255 255 255 255 255 255 255 255 255
255 255 255 255 255 255 255 255 255 255 255 255 255 255 255 255
255 255   0   0   0   0   0   0   0   0   0   0   0   0 255 255
255 255   0   0   0   0   0   0   0   0   0   0   0   0 255 255
255 255   0   0   0   0   0   0   0   0   0   0   0   0 255 255
255 255   0   0   0 217 217 217 217 217 217   0   0   0 255 255
255 255   0   0   0 217 217 217 217 217 217   0   0   0 255 255
255 255   0   0   0 217 217   0   0 217 217   0   0   0 255 255
255 255   0   0   0 217 217   0   0 217 217   0   0   0 255 255
255 255   0   0   0 217 217 217 217 217 217   0   0   0 255 255
255 255   0   0   0 217 217 217 217 217 217   0   0   0 255 255
255 255   0   0   0   0   0   0   0   0   0   0   0   0 255 255
255 255   0   0   0   0   0   0   0   0   0   0   0   0 255 255
255 255   0   0   0   0   0   0   0   0   0   0   0   0 255 255
255 255 255 255 255 255 255 255 255 255 255 255 255 255 255 255
255 255 255 255 255 255 255 255 255 255 255 255 255 255 255 255
255 255 255 255 255 255 255 255 255 255 255 255 255 255 255 255
255 255 255 255 255 255 255 255 255 255 255 255 255 255 255 255
255 255   0   0   0   0   0   0   0   0   0   0   0   0 255 255
255 255   0   0   0   0   0   0   0   0   0   0   0   0 255 255
255 255   0   0   0   0   0   0   0   0   0   0   0   0 255 255
255 255   0   0   0 217 217 217 217 217 217   0   0   0 255 255
255 255   0   0   0 217 217 217 217 217 217   0   0   0 255 255
255 255   0   0   0 217 217   0   0 217 217   0   0   0 255 255
255 255   0   0   0 217 217   0   0 217 217   0   0   0 255 255
255 255   0   0   0 217 217 217 217 217 217   0   0   0 255 255
255 255   0   0   0 217 217 217 217 217 217   0   0   0 255 255
255 255   0   0   0   0   0   0   0   0   0   0   0   0 255 255
255 255   0   0   0   0   0   0   0   0   0   0   0   0 255 255
255 255   0   0   0   0   0   0   0   0   0   0   0   0 255 255
255 255 255 255 255 255 255 255 255 255 255 255 255 255 255 255
255 255 255 255 255 255 255 255 255 255 255 255 255 255 255 255

255 255 255 255 255 255 255 255 255 255 255 255 255 255 255 255
255 255 255 255 255 255 255 255 255 255 255 255 255 255 255 255
255 255   0   0   0   0   0   0   0   0   0   0   0   0 255 255
255 255   0   0   0   0   0   0   0   0   0   0   0   0 255 255
255 255   0   0   0   0   0   0   0   0   0   0   0   0 255 255
255 255   0   0   0 217 217 217 217 217 217   0   0   0 255 255
255 255   0   0   0 217 217 217 217 217 217   0   0   0 255 255
255 255   0   0   0 217 217   0   0 217 217   0   0   0 255 255
255 255   0   0   0 217 217   0   0 217 217   0   0   0 255 255
255 255   0   0   0 217 217 217 217 217 217   0   0   0 255 255
255 255   0   0   0 217 217 217 217 217 217   0   0   0 255 255
255 255   0   0   0   0   0   0   0   0   0   0   0   0 255 255
255 255   0   0   0   0   0   0   0   0   0   0   0   0 255 255
255 255   0   0   0   0   0   0   0   0   0   0   0   0 255 255
255 255 255 255 255 255 255 255 255 255 255 255 255 255 255 255
255 255 255 255 255 255 255 255 255 255 255 255 255 255 255 255
255 255 255 255 255 255 255 255 255 255 255 255 255 255 255 255
255 255 255 255 255 255 255 255 255 255 255 255 255 255 255 255
255 255   0   0   0   0   0   0   0   0   0   0   0   0 255 255
255 255   0   0   0   0   0   0   0   0   0   0   0   0 255 255
255 255   0   0   0   0   0   0   0   0   0   0   0   0 255 255
255 255   0   0   0 217 217 217 217 217 217   0   0   0 255 255
255 255   0   0   0 217 217 217 217 217 217   0   0   0 255 255
255 255   0   0   0 217 217   0   0 217 217   0   0   0 255 255
255 255   0   0   0 217 217   0   0 217 217   0   0   0 255 255
255 255   0   0   0 217 217 217 217 217 217   0   0   0 255 255
255 255   0   0   0 217 217 217 217 217 217   0   0   0 255 255
255 255   0   0   0   0   0   0   0   0   0   0   0   0 255 255
255 255   0   0   0   0   0   0   0   0   0   0   0   0 255 255
255 255   0   0   0   0   0   0   0   0   0   0   0   0 255 255
255 255 255 255 255 255 255 255 255 255 255 255 255 255 255 255
255 255 255 255 255 255 255 255 255 255 255 255 255 255 255 255
255 255 255 255 255 255 255 255 255 255 255 255 255 255 255 255
255 255 255 255 255 255 255 255 255 255 255 255 255 255 255 255
255 255   0   0   0   0   0   0   0   0   0   0   0   0 255 255
255 255   0   0   0   0   0   0   0   0   0   0   0   0 255 255
255 255   0   0   0   0   0   0   0   0   0   0   0   0 255 255
255 255   0   0   0 217 217 217 217 217 217   0   0   0 255 255
255 255   0   0   0 217 217 217 217 217 217   0   0   0 255 255
255 255   0   0   0 217 217   0   0 217 217   0   0   0 255 255
255 255   0   0   0 217 217   0   0 217 217   0   0   0 255 255
255 255   0   0   0 217 217 217 217 217 217   0   0   0 255 255
255 255   0   0   0 217 217 217 217 217 217   0   0   0 255 255
255 255   0   0   0   0   0   0   0   0   0   0   0   0 255 255
255 255   0   0   0   0   0   0   0   0   0   0   0   0 255 255
255 255   0   0   0   0   0   0   0   0   0   0   0   0 255 255
255 255 255 255 255 255 255 255 255 255 255 255 255 255 255 255
255 255 255 255 255 255 255 255 255 255 255 255 255 255 255 255

255 255 255 255 255 255 255 255 255 255 255 255 255 255 255 255
255 214 153 153 153 153 153 153 153 153 153 153 153 153 214 255
255 153   0   0   0   0   0   0   0   0   0   0   0   0 153 255
255 153   0   0   0   0   0   0   0   0   0   0   0   0 153 255
255 153   0   0   9  45  45  45  45  45  45   9   0   0 153 255
255 153   0   0  45 217 217 217 217 217 217  45   0   0 153 255
255 153   0   0  45 217 214 212 212 214 217  45   0   0 153 255
255 153   0   0  45 217 166   1   0 151 217  45   0   0 153 255
255 153   0   0  45 217 217  80  63 216 217  45   0   0 153 255
255 153   0   0  45 217 217 197 187 217 217  45   0   0 153 255
255 153   0   0  45 217 217 217 217 217 217  45   0   0 153 255
255 153   0   0   9  45  45  45  45  45  45   9   0   0 153 255
255 153   0   0   0   0   0   0   0   0   0   0   0   0 153 255
255 153   0   0   0   0   0   0   0   0   0   0   0   0 153 255
255 214 153 153 153 153 153 153 153 153 153 153 153 153 214 255
255 255 255 255 255 255 255 255 255 255 255 255 255 255 255 255
255 255 255 255 255 255 255 255 255 255 255 255 255 255 255 255
255 214 153 153 153 153 153 153 153 153 153 153 153 153 214 255
255 153   0   0   0   0   0   0   0   0   0   0   0   0 153 255
255 153   0   0   0   0   0   0   0   0   0   0   0   0 153 255
255 153   0   0   9  45  45  45  45  45  45   9   0   0 153 255
255 153   0   0  45 217 217 217 217 217 217  45   0   0 153 255
255 153   0   0  45 217 214 212 212 214 217  45   0   0 153 255
255 153   0   0  45 217 166   1   0 151 217  45   0   0 153 255
255 153   0   0  45 217 217  80  63 216 217  45   0   0 153 255
255 153   0   0  45 217 217 197 187 217 217  45   0   0 153 255
255 153   0   0  45 217 217 217 217 217 217  45   0   0 153 255
255 153   0   0   9  45  45  45  45  45  45   9   0   0 153 255
255 153   0   0   0   0   0   0   0   0   0   0   0   0 153 255
255 153   0   0   0   0   0   0   0   0   0   0   0   0 153 255
255 214 153 153 153 153 153 153 153 153 153 153 153 153 214 255
255 255 255 255 255 255 255 255 255 255 255 255 255 255 255 255
255 255 255 255 255 255 255 255 255 255 255 255 255 255 255 255
255 214 153 153 153 153 153 153 153 153 153 153 153 153 214 255
255 153   0   0   0   0   0   0   0   0   0   0   0   0 153 255
255 153   0   0   0   0   0   0   0   0   0   0   0   0 153 255
255 153   0   0   9  45  45  45  45  45  45   9   0   0 153 255
255 153   0   0  45 217 217 217 217 217 217  45   0   0 153 255
255 153   0   0  45 217 214 212 212 214 217  45   0   0 153 255
255 153   0   0  45 217 166   1   0 151 217  45   0   0 153 255
255 153   0   0  45 217 217  80  63 216 217  45   0   0 153 255
255 153   0   0  45 217 217 197 187 217 217  45   0   0 153 255
255 153   0   0  45 217 217 217 217 217 217  45   0   0 153 255
255 153   0   0   9  45  45  45  45  45  45   9   0   0 153 255
255 153   0   0   0   0   0   0   0   0   0   0   0   0 153 255
255 153   0   0   0   0   0   0   0   0   0   0   0   0 153 255
255 214 153 153 153 153 153 153 153 153 153 153 153 153 214 255
255 255 255 255 255 255 255 255 255 255 255 255 255 255 255 255

255 255 255 255 255 255 255 255 255 255 255 255 255 255 255 255
255 214 153 153 153 153 153 153 153 153 153 153 153 153 214 255
255 153   0   0   0   0   0   0   0   0   0   0   0   0 153 255
255 153   0   0   0   0   0   0   0   0   0   0   0   0 153 255
255 153   0   0   9  45  45  45  45  45  45   9   0   0 153 255
255 153   0   0  45 217 217 217 217 217 217  45   0   0 153 255
255 153   0   0  45 217 214 151 216 217 217  45   0   0 153 255
255 153   0   0  45 217 212   0  63 187 217  45   0   0 153 255
255 153   0   0  45 217 212   1  80 197 217  45   0   0 153 255
255 153   0   0  45 217 214 166 217 217 217  45   0   0 153 255
255 153   0   0  45 217 217 217 217 217 217  45   0   0 153 255
255 153   0   0   9  45  45  45  45  45  45   9   0   0 153 255
255 153   0   0   0   0   0   0   0   0   0   0   0   0 153 255
255 153   0   0   0   0   0   0   0   0   0   0   0   0 153 255
255 214 153 153 153 153 153 153 153 153 153 153 153 153 214 255
255 255 255 255 255 255 255 255 255 255 255 255 255 255 255 255
255 255 255 255 255 255 255 255 255 255 255 255 255 255 255 255
255 214 153 153 153 153 153 153 153 153 153 153 153 153 214 255
255 153   0   0   0   0   0   0   0   0   0   0   0   0 153 255
255 153   0   0   0   0   0   0   0   0   0   0   0   0 153 255
255 153   0   0   9  45  45  45  45  45  45   9   0   0 153 255
255 153   0   0  45 217 217 217 217 217 217  45   0   0 153 255
255 153   0   0  45 217 214 151 216 217 217  45   0   0 153 255
255 153   0   0  45 217 212   0  63 187 217  45   0   0 153 255
255 153   0   0  45 217 212   1  80 197 217  45   0   0 153 255
255 153   0   0  45 217 214 166 217 217 217  45   0   0 153 255
255 153   0   0  45 217 217 217 217 217 217  45   0   0 153 255
255 153   0   0   9  45  45  45  45  45  45   9   0   0 153 255
255 153   0   0   0   0   0   0   0   0   0   0   0   0 153 255
255 153   0   0   0   0   0   0   0   0   0   0   0   0 153 255
255 214 153 153 153 153 153 153 153 153 153 153 153 153 214 255
255 255 255 255 255 255 255 255 255 255 255 255 255 255 255 255
255 255 255 255 255 255 255 255 255 255 255 255 255 255 255 255
255 214 153 153 153 153 153 153 153 153 153 153 153 153 214 255
255 153   0   0   0   0   0   0   0   0   0   0   0   0 153 255
255 153   0   0   0   0   0   0   0   0   0   0   0   0 153 255
255 153   0   0   9  45  45  45  45  45  45   9   0   0 153 255
255 153   0   0  45 217 217 217 217 217 217  45   0   0 153 255
255 153   0   0  45 217 214 151 216 217 217  45   0   0 153 255
255 153   0   0  45 217 212   0  63 187 217  45   0   0 153 255
255 153   0   0  45 217 212   1  80 197 217  45   0   0 153 255
255 153   0   0  45 217 214 166 217 217 217  45   0   0 153 255
255 153   0   0  45 217 217 217 217 217 217  45   0   0 153 255
255 153   0   0   9  45  45  45  45  45  45   9   0   0 153 255
255 153   0   0   0   0   0   0   0   0   0   0   0   0 153 255
255 153   0   0   0   0   0   0   0   0   0   0   0   0 153 255
255 214 153 153 153 153 153 153 153 153 153 153 153 153 214 255
255 255 255 255 255 255 255 255 255 255 255 255 255 255 255 255
